   1            "b" 20535  59314.425781 37706.093750 32170.148438
   2            "c" 6511  24775.314453 29982.394531 23918.171875
   3            "d" 45450  108244.226563 72089.718750 69533.781250
   4            "f" 14416  77856.625000 38437.085938 32914.281250
   5            "g" 26236  78799.085938 61547.394531 54094.375000
   6            "h" 22501  93837.703125 111236.304688 56931.906250
   7            "j" 39246  128459.632813 115007.156250 82061.703125
   8            "k" 7843  31572.564453 35957.730469 24206.392578
   9            "l" 24528  82059.250000 48872.656250 46770.695313
  10            "m" 14411  40117.320313 48300.464844 37932.566406
  11            "n" 9168  36074.796875 20535.498047 22296.974609
  12            "p" 6813  25393.228516 27558.164063 19469.822266
  13            "q" 14771  71716.492188 80446.468750 42038.871094
  14            "r" 9036  30512.457031 26515.427734 24981.179688
  15            "s" 8616  56839.152344 37310.828125 19815.500000
  16            "t" 15342  57550.742188 62142.660156 40301.613281
  17            "x" 23316  115118.523438 131201.609375 58289.246094
  18            "z" 16029  57625.550781 35628.031250 31921.320313
  19           "aa" 4147  19088.630859 13371.415039 14218.318359
  20           "ch" 14616  45668.335938 60814.785156 60841.042969
  21           "ee" 4774  15814.717773 12620.977539 13197.737305
  22           "ih" 30804  89010.890625 80769.593750 91100.765625
  23           "oo"  745  3734.545898 3299.172607 3054.312500
  24           "sh" 33915  147390.531250 189289.703125 101365.406250
  25           "sp" 270620  416309.593750
  26           "uu" 16137  45961.941406 38476.261719 43261.296875
  27           "vv" 9678  29447.519531 28236.103516 30519.416016
  28           "zh" 30794  86793.570313 75748.750000 65946.062500
  29        "uaiDT"   24  335.973358 289.983948 316.961670
  30        "uaiFT" 1775  9983.581055 10117.814453 10092.344727
  31        "uaiHT"   47  195.986938 306.921600 271.557404
  32        "uaiRT"   91  501.319885 529.059387 544.812805
  33        "uanDT" 1292  6587.077148 8473.189453 8018.311035
  34        "uanFT" 1701  9520.129883 9791.825195 9765.500977
  35        "uanHT" 3243  17966.083984 18731.765625 19886.275391
  36        "uanRT" 2130  12242.766602 13096.619141 14055.763672
  37         "uaDT"  127  924.918640 709.895386 502.345886
  38         "uaFT" 1596  10340.449219 10532.879883 8056.260254
  39         "uaHT"  517  5065.229980 3178.954102 2424.019775
  40         "uaRT"  418  2576.151611 3097.715820 2475.175537
  41         "uoDT" 2591  13357.367188 13284.696289 10141.709961
  42         "uoFT" 4819  26398.083984 25838.296875 19373.882813
  43         "uoHT" 2492  16252.772461 15577.052734 12758.838867
  44         "uoRT" 7136  44952.503906 34036.527344 28193.146484
  45        "ingDT" 1238  7047.261719 6933.520020 6046.836914
  46        "ingFT" 3726  20498.095703 19037.906250 20395.429688
  47        "ingHT" 4459  24418.986328 22332.628906 20482.201172
  48          "aDT" 2530  16151.701172 13513.183594 11523.829102
  49          "aFT" 4460  26931.064453 25404.375000 21085.603516
  50        "ingRT" 7040  37858.324219 38196.996094 33249.914063
  51          "aHT" 8131  55303.265625 34174.789063 27142.519531
  52          "aRT" 2466  11671.787109 16001.044922 12451.100586
  53          "eDT" 1603  8427.918945 9744.519531 5983.331543
  54          "eFT" 25048  136476.328125 88857.132813 74811.453125
  55          "eHT" 9824  24044.687500 41199.398438 34015.324219
  56          "eRT" 8660  45261.707031 46343.964844 34188.007813
  57          "iDT" 8625  41516.167969 38700.304688 23535.908203
  58          "iFT" 17092  75424.414063 69815.359375 53908.417969
  59          "iHT" 7377  41955.894531 26743.443359 23165.937500
  60          "iRT" 8769  48779.789063 30786.746094 27520.769531
  61          "oFT"  754  4404.832031 4281.466309 3447.486084
  62          "oHT"  560  3101.287598 3552.196045 2750.006836
  63          "oRT"  840  6121.165039 4393.717285 3010.752930
  64         "eiDT" 2192  12935.261719 11671.380859 10829.080078
  65         "eiFT" 2613  14079.062500 11956.295898 10724.315430
  66         "eiHT" 1023  4657.072754 5861.041016 5183.098633
  67         "eiRT" 1028  4725.204590 4514.836426 4607.485840
  68       "iongDT"  154  1186.548706 1205.221680 905.390991
  69       "iongFT"  918  5721.417969 6336.398438 5288.019043
  70       "iongHT"  145  666.913696 958.877747 691.283508
  71       "iongRT"  203  970.969971 1425.424194 1214.366211
  72          "sil" 69232  1446297.875000 416309.593750 464813.093750
  73         "veDT"  329  1925.300415 1714.457397 1587.324463
  74         "veFT" 1317  7890.293457 6569.764160 5698.849609
  75         "veHT"  429  2590.945557 2219.510986 1722.089600
  76          "uDT" 6690  42599.484375 23839.798828 17958.923828
  77          "uFT" 14679  71705.578125 70474.562500 49137.156250
  78          "uHT" 3847  13967.270508 24001.970703 14030.592773
  79         "veRT" 1646  8868.996094 9201.304688 7393.609375
  80          "uRT" 5260  28540.675781 21930.283203 16369.251953
  81          "vDT" 2950  16200.467773 11170.462891 7843.327637
  82          "vFT" 4445  21152.695313 18796.154297 15051.751953
  83          "vHT" 2107  7561.350098 12267.651367 9548.587891
  84          "vRT" 2093  12987.270508 7493.907227 6994.286133
  85         "enDT" 1256  7351.568359 6675.202637 5893.680176
  86         "enFT" 2764  12965.936523 13515.474609 15708.504883
  87         "enHT" 3458  20698.373047 18330.478516 14561.129883
  88         "enRT" 5673  29833.119141 26346.511719 23948.888672
  89         "erDT"  583  3252.629150 3135.388184 2376.671143
  90         "erFT" 1273  7773.209473 5518.187012 5579.875977
  91         "erRT" 1569  10041.740234 7435.566895 6434.056641
  92         "vnFT" 1095  5534.154297 4189.243164 5135.294434
  93         "vnHT"  904  5591.149414 4462.647461 4256.049805
  94         "vnRT"  740  4543.451172 3695.082764 3207.601318
  95        "ongDT" 1860  9001.824219 10223.269531 10840.321289
  96        "ongFT" 4248  21087.318359 22872.957031 20132.416016
  97        "ongHT" 9481  49568.886719 55119.269531 43992.910156
  98        "ongRT" 4927  25360.837891 28439.521484 25241.589844
  99        "iouDT" 4149  23282.248047 25899.359375 19070.974609
 100        "iouFT" 2317  11823.841797 12578.436523 9621.027344
 101        "iouHT"  930  5147.588867 5663.661621 4711.213379
 102        "iouRT" 2845  16072.960938 18004.476563 14863.000977
 103        "engDT" 1728  9173.488281 9651.857422 9692.060547
 104        "engFT" 3160  15329.018555 16004.499023 16599.597656
 105        "engHT" 4114  20720.986328 22343.439453 20817.697266
 106        "engRT" 5692  26288.263672 33965.566406 29930.769531
 107        "ueiDT" 1937  8992.860352 10603.463867 8890.926758
 108        "ueiFT" 9606  47730.777344 53268.953125 43443.664063
 109        "ueiHT" 1830  9302.066406 10131.371094 8472.415039
 110        "ueiRT" 2043  13742.285156 10408.977539 9299.189453
 111        "uenDT"  676  3310.316406 3860.387451 4542.627930
 112        "uenFT" 1702  8346.664063 7850.121094 9598.834961
 113        "uenHT" 1088  5081.767090 6153.205566 6389.775391
 114        "uenRT"  921  5351.810059 5214.031250 4092.436035
 115         "ouDT" 1994  9591.311523 12011.278320 8358.357422
 116         "ouFT" 2921  16017.956055 17473.179688 12160.461914
 117         "ouHT" 2811  13223.233398 14679.543945 10733.708984
 118         "ouRT" 1216  5182.614258 8132.347656 5691.586426
 119       "iangDT" 2188  12759.236328 13591.717773 14751.486328
 120       "iangFT" 2602  15287.175781 14970.032227 15879.543945
 121       "iangHT" 2283  11992.083984 13806.996094 15442.651367
 122       "iangRT" 1745  10605.147461 11060.533203 11611.852539
 123        "iiiDT" 1889  7382.574219 9981.472656 7832.212402
 124        "iiiFT" 12771  57554.839844 57572.710938 48841.402344
 125        "iiiHT" 2856  11457.685547 12948.441406 11683.606445
 126        "iiiRT" 7065  28654.843750 30360.089844 24358.251953
 127        "angDT" 3903  19619.095703 23788.904297 23929.121094
 128        "angFT" 3684  18870.048828 22126.859375 21331.472656
 129        "angHT" 3814  18885.728516 21041.000000 22528.738281
 130        "angRT" 2653  15687.911133 14503.639648 15744.962891
 131        "ianDT" 2221  12572.508789 12002.602539 11812.231445
 132        "ianFT" 7817  41041.562500 44435.636719 38399.480469
 133        "ianHT" 3688  18392.474609 21218.267578 21329.556641
 134        "ianRT" 6325  40209.195313 32299.109375 33532.726563
 135        "iaoDT" 1881  11168.350586 10352.634766 10187.435547
 136        "iaoFT" 3642  21908.380859 24448.062500 18652.687500
 137        "iaoHT" 2078  11783.060547 13680.100586 12072.430664
 138        "iaoRT" 1581  10032.167969 9595.283203 8604.746094
 139        "vanDT"  415  2834.577393 2337.134033 2146.511719
 140        "vanFT"  761  4339.465332 5545.019043 4164.869629
 141        "vanHT"  203  1031.303833 1160.642700 1239.162720
 142        "vanRT" 4353  29307.453125 24811.939453 21723.884766
 143         "iaDT"  151  898.728577 1039.104980 879.538452
 144         "iaFT" 2327  12721.057617 16802.103516 13312.908203
 145         "iaHT" 3319  20217.212891 23126.275391 20723.990234
 146         "iaRT"  157  944.135620 1098.341187 999.903870
 147       "uangDT"  623  4742.934570 3884.721924 3363.791016
 148       "uangFT" 1180  7450.765137 7143.296387 7491.939941
 149       "uangHT" 1049  5429.097168 6519.665039 7330.297852
 150       "uangRT"  477  3850.228760 3345.621338 2698.882324
 151         "ieDT" 2010  9926.447266 10199.255859 7912.456055
 152         "ieFT" 4100  23054.632813 20425.080078 18382.968750
 153         "ieHT" 1498  7329.992676 6978.305664 6105.539551
 154         "ieRT" 2196  11824.547852 11712.473633 9563.841797
 155         "iiDT" 1168  4928.318848 5886.344727 4583.368652
 156         "iiFT" 3398  12731.448242 13180.169922 13271.124023
 157         "iiHT" 2302  10362.762695 11304.824219 8745.660156
 158         "iiRT"  184  880.732422 860.668396 1550.170410
 159         "inDT" 1450  8430.008789 7486.660156 6501.667969
 160         "inFT" 2946  14639.483398 11954.302734 14064.649414
 161         "inHT" 4915  26140.556641 23770.644531 20417.460938
 162         "inRT" 3215  21093.994141 16657.210938 14433.290039
 163         "aiDT" 3231  15472.261719 17321.023438 16696.640625
 164         "aiFT" 8580  48896.769531 45502.613281 39706.085938
 165         "aiHT" 2031  10115.920898 11714.486328 9416.715820
 166         "aiRT" 4804  29787.636719 27371.144531 22379.216797
 167         "anDT" 3601  17413.675781 21583.742188 19692.224609
 168         "anFT" 5632  31739.650391 28400.208984 30240.580078
 169         "anHT" 4234  16803.486328 22720.859375 25747.480469
 170         "anRT" 3185  20245.283203 17361.283203 16456.041016
 171         "aoDT" 3853  23632.849609 20815.964844 15638.932617
 172         "aoFT" 6503  35910.046875 36688.292969 27730.343750
 173         "aoHT" 1803  8260.621094 12175.716797 10747.993164
 174         "aoRT" 1058  6936.934570 6076.456055 4762.810059
